[[ 4.46588590e-01  4.99016401e-02  4.18542637e-01 ...  6.93706675e-01
   1.55360796e-01  3.12416071e-01]
 [ 3.08955997e-01 -9.76990014e-02  1.16745003e-01 ... -1.22194998e-01
  -4.50616986e-01 -7.13180006e-02]
 [ 1.07509997e-02 -6.18970990e-01  1.29665002e-01 ... -6.72288001e-01
  -1.29304397e+00  5.92576027e-01]
 ...
 [ 3.28400009e-03 -1.85899995e-02 -8.74510035e-02 ...  1.58299995e-03
  -2.84499992e-02 -2.29710005e-02]
 [ 1.18100003e-03 -1.88870002e-02 -8.91359970e-02 ...  1.15699996e-03
  -2.80390009e-02 -2.32360009e-02]
 [ 3.48900002e-03 -1.77580006e-02 -8.62130001e-02 ...  1.30100001e-03
  -2.86589991e-02 -2.33650003e-02]]